sexo	edad	X1	X2	X3	X4	X5	X6	X7	X8	X9	X10	X11	X12	X13	X14	X15
hombre	22	3	3	2	4	1	3	3	3	2	4	3	3	3	4	4
hombre	24		4	3	4	4	3	2	2	4	3	3	2	2	4	0
hombre	23	2	4	3	4	2	4	1				3	2	4	3	1
hombre	19	4	4	2	3	4	3	3	4	3	6	2	3	3	3	3
hombre	20	3	3	4	3	5	5	1	1	3	1	2	2	3	3	4
hombre	24	2	4	2	2	2	3	4	4	4	2	4	2	5	3	3
hombre	22	3	2	1	2	3	4	2	3	2	2	2	2	4	3	4
hombre	15	3	3	4	3	3	5	3	4	4	3	3	3	3	2	5
hombre	24	4	2	4	1	4	3	3	2	3	2	2	4	3	3	4
hombre	17	3	2	3		4	5	3	3	4	2	3	3	4	3	3
hombre	26	3	2	4	3	3	4	3	2	2	4	4	1	0	2	3
hombre	23	1	3	2	3	2	5	4	1		4	4	2	4	3	3
hombre	23	4	4	4	4	4	2	4	3	5	2	5	4	4	3	2
hombre	23	3	3	4	5	3	2	3		4	4	2	4	2	2	2
hombre	21	4	2	0	2	2	4	2	4	3	4	2	3	3	3	2
hombre	21	1	1	2	4	3	4	3	3	2	4	3	4	2	3	4
hombre	26	2	0	4	2	3	2	2	2	3	3	3	3	2	2	3
hombre	17	3	3	3	2	3	3	3	1	3	3	3		3	2	2
hombre	19	3	1	4	3	2	2	2	3	2	3	3	2	5	2	4
hombre	20	1	3	4	3	3	4	2	3	3	4	2	3	4	2	3
hombre	22	3	2	4	3	2	2	2	2	2	3	4	4	3	2	4
hombre	20	2	2	3	4	3	4	2	4	4	3	3	3	2	3	2
hombre	22	2	3	5	5	3	2	2	3	3	4	3	5	4	4	5
hombre	24	2	3	3	3	4	4	1	2	4	3	3	5	2	4	3
hombre	25	4	2	3	3	4	3	4	3	3	2	4	2	2	3	4
mujer	25	1	4	3	4	2	1	3	3	4			3	2	4	4
mujer	23	4	2	2	3	4	3	3	6	2	2	2	3	3	2	3
mujer	18	4	4	2	2	4	3	3	2	3	3	2	3			3
mujer	21	3	1	3	3	1	2	2	2	2	1	3	1	2	4	1
mujer	24	3	3	2	2	4	5	2	4	4	4	3	3	2	3	4
mujer	21	3	4	2	1	2	4	2	2	5	3	3	3	4	4	4
mujer	17	3	1	2	2	3	3	2	4	2	4	4	3	3	2	2
mujer	19	4	3	3	0	5	2	1	3	3	3	4	2	2	4	4
mujer	22	3	4	3	2	4	2	4	2	3	4	3	4	2	1	2
mujer	22	2	1	3	4	4	5	3	3	3	5	3	2	5	4	2
mujer	20	3	4	4	2	4	3	4	4	3	0	4	1	2	4	2
mujer	20	3	4	3	2	3	3	4	2	4	3		3	3	2	2
mujer	19	2	4	2	4	5	1	4	3	4	4	4		4	0	3
mujer	20	5	3	4	3	4	2	2	2	2	4	1	1	2	3	4
mujer	19	3	3	3	3	2	2	5	3	2	4	3	4	3	3	3
mujer	28	4	4	2	3	3	4	5	4	3	1	3	3	3	4	4
mujer	25	4	3	2	3	4	4	2	4	3	1	2	4	2	4	2
mujer	24	1	4	2	3	4	4	6	3	3	3	2	2	4	4	3
mujer	21	3	2	2	3	4	3	5	5	2	5	4	2	3	5	3
mujer	26	2	3	3	3	3	3	4	1	3	2	4	3	4	5	4
mujer	24	3	4	5	4	4	3	3	5	3	4	4	2	3	3	3
mujer	28	3	3	1	4	2	3	2	3	4	3	3	5	2	2	4
mujer	23	3	3	2	3	2	3	5	3	4	2	4	0	3	3	2
mujer	17	3	3	1	4	3	3	4	1	2	2	5	3	1	3	4
mujer	22	4	5	1	3	2	4	2	3	1	3	4	2	3	3	3
hombre	22	1	1	5	3	2	1	3	3	2	1	4	4	3	3	3
hombre	23	3	4	4	3	3	2	3	3	2	3	1	4	1	2	3
hombre	23	2	2	4	3	2	3	4	1	5	2	4	3	3	2	3
hombre	22	4	3	4	3	1	2	3	2	4	1	2	4	3	3	3
hombre	24	2	5	1	2	4	4	5	2	2	4	4	3	2	4	3
hombre	23	3	4	2	3	4	2	3	2	3	2	4	4	2	5	4
hombre	14	4	5	3	3	4	3	5	3	4	4	2	3	3	1	3
hombre	25	5	3	2	2	3	3	2	2	4	3	2	2	2	4	3
hombre	23	1	2	2	3	5	3	3	3	3	3	4	5	5	5	3
hombre	24	2	3	2	3	2	4	4	3	1	5	3	3	2	2	2
hombre	21	2	4	4	4	3	2	4	2	4	4	3	2	4	3	2
hombre	26	2	3	3	3	4	2	3	5	4	3	2	2	3	3	4
hombre	23	3	3	3	2	4	3	4	3	2	3	3	3	4	2	4
hombre	26	3	5	4	1	1	3	2	2	3	4	4	2	2	1	3
hombre	19	3	3	3	2	4	4	5	2	1	3	4	3	4	3	2
hombre	23	3	4	5	4	2	4	2	2	3	2	3	2	2	3	3
hombre	19	4	4	3	4	1	3	4	2	1	3	1	3	2	3	3
hombre	30	0	3	4	3	3	3	2	4	2	3	3	6	4	5	2
hombre	23	3	3	3	4	3	3	2	4	4	2	3	4	2	2	3
hombre	26	3	3	3	3	3	3	5	3	5	2	3	3	1	3	2
hombre	15	3	3	3	5	3	3	2	3	4	3	5	4	3	4	4
hombre	21	3	2	5	4	3	5	4	4	3	2	3	4	3	2	3
hombre	21	4	2	5	3	3	3	2	2	2	4	2	2	3	4	2
hombre	17	1	4	4	1	3	4	2	3	3	3	3	4	3	3	4
hombre	24	3	5	2	2	3	3	3	4	2	3	3	2	4	3	3
mujer	25	3	3	5	4	2	4	3	2	2	3	3	3	3	4	3
mujer	13	2	5	3	3	4	3	3	3	1	3	4	2	4	3	4
mujer	18	0	3	3	2	3	3	4	2	3	3	4	4	4	4	4
mujer	23	2	3	3	3	3	1	2	3	3	1	4	3	3	3	3
mujer	22	4	3	1	2	3	3	3	3	4	3	4	2	4	4	4
mujer	18	2	3	2	3	4	3	2	2	2	3	4	4	4	3	4
mujer	24	2	4	2	4	3	4	4	3	2	4	3	3	2	3	3
mujer	26	4	2	3	4	6	3	3	3	4	3	2	3	4	3	4
mujer	27	3	3	3	4	0	2	3	4	2	2	2	2	3	3	4
mujer	18	3	3	6	2	3	3	4	2	3	3	1	4	3	3	3
mujer	26	4	4	3	4	3	2	1	3	2	4	2	2	3	3	2
mujer	17	3	3	2	1	5	3	2	3	3	3	2	4	2	1	3
mujer	19	3	3	3	3	3	1	2	2	4	4	1	3	2	2	2
mujer	17	3	3	1	3	4	3	4	3	4	2	4	4	5	4	3
mujer	20	4	3	4	1	3	3	3	3	3	3	4	3	3	5	4
mujer	18	3		2	3	4	2	5	2	3	1	3	3	2	1	4
mujer	22	2	2	4	5	4	3	3	0	1	2	4	4	3	4	3
mujer	22	2	3	4	4	3	2	4	2	4	2	3	3	2		1
mujer	21	2	3	3	4	3	3	3	3	3	4	5	5	4	2	3
mujer	24	2	3	4	1	2	3	2	3	4	5	4	1	3	3	3
mujer	19	2	3	4	3	3	2	3	4	5	3	3	4	4	3	1
mujer	25	3	3	4	3	3	3	4	4	3	4	3	3	2	1	2
mujer	25	2	5	4	5	3	2	4	3	3	3	4	3	3	3	6
mujer	24	3	3	3	4	4	3	2	3	4	4	2	3	3	3	4
mujer	22		4	3	2		2	1	4	3	3	2	2	2	4	4
